55.81 53.91 -13.70 78.82 2.69 35.65 26.84 48.49 1
55.80 54.10 -13.69 78.95 2.33 35.94 27.08 48.48 0
55.90 40.19 -13.40 79.09 2.30 35.92 26.91 48.45 1
55.72 30.00 -13.80 78.84 2.34 36.03 27.08 48.44 0
56.02 12.28 -13.80 79.22 2.38 35.95 26.91 48.43 1
56.11 10.10 -13.62 79.13 2.48 36.00 26.84 48.40 0
55.93 11.28 -13.89 79.17 2.45 36.15 27.17 48.42 1
56.02 54.10 -13.89 79.11 2.44 35.89 26.91 48.41 0
56.20 53.64 -13.62 78.88 2.35 36.13 27.15 48.39 1
56.01 54.15 -13.80 79.09 2.60 35.86 26.91 48.38 1
